1.00000
0.90484
0.81873
0.74082
0.60653
0.54881
0.49659
0.44933
0.40657
0.36788
0.33287
0.30119
0.27253
0.24660
0.22313
0.22313
0.18268
0.16530
0.14957
0.13534
0.12246
0.11080
0.10026
0.09072
0.08208
0.07427
0.06721
0.06081
0.05502
0.04979
0.04505
0.04076
0.03688
0.03337
0.03020
0.02732
0.02472
0.02237
0.02024
0.01832
0.01657
0.01500
0.01357
0.01228
0.01111
0.01005
0.00910
0.00823
0.00745
0.00674
0.00610
0.00552
0.00499
0.00452
0.00409
0.00370
0.00335
0.00303
0.00274
0.00248
0.00224
0.00203
0.00184
0.00166
0.00150
0.00136
0.00123
0.00111
0.00101
0.00091
0.00083
0.00075
0.00068
0.00061
0.00055
0.00050
0.00045
0.00041
0.00037
0.00034
0.00030
0.00027
0.00025
0.00022
0.00020
0.00018
0.00017
0.00015
0.00014
0.00012
0.00011
0.00010
0.00009
0.00008
0.00007
0.00007
0.00006
0.00006
0.00005